2858
260
1196
1210
480
2028
589
2571
1270
593
1580
1198
608
2762
110
2396
1197
527
1617
1265
1097
2628
2997
318
858
356
2716
296
1240
1
1214
2916
457
3578
1200
541
2987
1259
50
34
2791
780
3175
1193
919
924
1127
2355
1387
1221
912
1036
1213
1610
377
1291
2000
1136
3114
1307
1704
1721
1968
648
2599
3793
32
2174
2797
2291
2918
3471
590
2959
1374
2683
1394
592
1784
1573
1304
3418
223
380
2706
1225
1584
1527
3481
1923
750
2699
39
21
1393
2804
588
2406
1220
733
1230
3176
1961
3751
1079
908
3408
1073
3623
1356
3527
2700
1219
1247
1089
1544
1222
150
111
3753
2710
2657
357
2985
1206
1094
2640
3147
2395
3421
1517
1641
1278
1252
367
1358
1208
2100
1676
2529
2011
2321
920
2324
2012
1090
47
1500
1370
1954
1673
2115
2194
1376
587
364
3253
3671
1288
923
316
3160
1242
1917
736
1294
3255
1732
3361
1396
2763
1258
2302
3448
1653
1608
1391
2692
2455
3702
3081
2268
595
349
969
3256
904
1234
1674
597
2054
913
2081
3703
11
1377
2890
3755
1028
2001
2968
1101
2617
2407
1682
1233
1372
1266
551
1909
3897
3363
329
1183
3052
2353
539
2006
3072
25
2289
1408
474
2105
3552
1639
1552
788
440
2712
3108
1215
1282
6
1250
2336
2746
2770
1276
1207
36
1375
235
1080
1320
293
2248
70
1199
2470
1777
1912
3555
1747
903
2701
3033
2947
1876
10
3210
1407
1997
1179
3499
3006
1129
1035
1625
1148
1748
3174
2502
3107
3699
2080
3082
1722
3948
3608
1953
1246
2723
2915
2908
2641
2369
3039
3543
500
2424
2352
17
910
1204
1645
165
2108
454
1201
3510
1569
1380
3809
1597
3526
2167
3450
2393
2278
2427
1285
2002
3101
2193
368
2058
2064
1994
3354
1371
2694
3624
2021
2243
1060
2881
3424
2671
1690
2605
153
2003
2023
2020
2490
265
2948
1302
344
785
3104
3362
1267
594
1947
161
3386
2366
1513
778
1092
1965
899
1231
2826
2391
3396
1077
2872
2288
1275
1663
253
2094
353
1333
1249
292
1299
3698
953
2871
1729
2580
3704
3489
529
1466
2144
1244
246
2005
968
2124
2160
3148
2140
2944
266
300
1287
2359
3763
2
288
1263
2572
2161
1235
1262
2150
2145
337
3868
2688
3504
1088
1343
434
1084
141
16
104
543
3105
1093
708
1228
902
1188
586
2761
2405
339
1269
1339
1293
1918
3476
1831
3263
497
1485
3247
1883
2078
1952
231
3863
2300
555
3911
745
2076
3638
1962
208
2724
2949
1272
2294
3697
441
317
3005
442
2329
95
2527
1960
914
1957
2707
800
3535
2664
3683
1711
3591
2019
2273
3257
2528
1959
1805
2542
2581
2616
24
3100
2013
610
1203
2539
1172
1037
852
1921
1373
3785
2433
653
3070
1885
509
1562
198
3301
2371
471
2722
2087
1256
1271
1292
3037
3360
3298
2018
2501
3717
3740
3044
2686
898
2394
2333
3273
1022
1019
2109
466
1587
866
1095
112
2478
185
1029
1345
2085
2662
160
2717
2067
3113
173
832
673
1479
1378
1186
508
1296
3752
2541
3893
1253
2792
3060
1586
2976
3252
151
1967
553
3435
196
2795
1321
1261
3098
1357
3685
45
3300
3614
3479
1779
1284
62
2133
163
2046
3745
3524
3438
2598
435
1958
552
1042
1911
1032
661
3020
2384
2951
3095
3359
3157
1945
2863
342
3087
2423
350
1248
2245
2428
3264
2642
849
2096
2134
3178
1635
1956
2469
1982
3534
3701
2917
3654
58
838
485
1476
1882
1590
596
3203
2137
3317
2126
3735
2420
2986
1834
1589
162
1907
3536
3635
2841
3168
628
3173
3267
1104
2186
1441
1212
2454
3260
2065
1059
3
3827
562
247
3269
2421
524
2719
3441
1644
1405
2463
3246
1591
2912
1678
2431
1041
1223
1257
1894
1694
2088
2311
922
345
1566
2734
1680
2533
410
3798
1449
3639
3334
1385
786
2973
2735
3409
172
7
2313
671
1120
348
1717
3512
1185
1254
3159
3730
1274
1955
1049
2788
1347
180
515
2739
994
3468
3706
2805
1792
3219
3016
3358
2409
2926
930
3545
2413
933
2687
1297
647
2253
720
3274
2116
3916
379
3791
1081
2450
1047
144
3254
3186
52
3869
2759
3261
2966
1614
372
802
1224
2728
2989
916
3285
2991
2009
2713
3035
3744
2335
3513
1100
3617
2840
303
2375
585
748
909
724
494
3019
2125
2622
1171
2471
3686
2378
955
370
2485
333
2600
1350
3844
1135
2648
1124
3826
2141
2993
1283
3259
29
926
1103
1892
2402
2410
3551
2857
1499
3185
951
2403
1616
2702
1620
3083
3196
1020
1409
432
1801
2919
2672
783
2690
532
19
3507
2010
1754
3952
1298
1888
105
928
674
224
2334
784
2990
1125
2794
3156
2718
954
272
517
1411
48
1719
2053
2398
1459
2015
3705
1086
2414
3068
164
22
940
3836
2808
2411
2468
905
520
1061
1091
2720
1301
1914
1078
2004
2565
2301
1388
431
2139
1379
3618
1175
2110
252
1556
3250
1835
3508
3712
2247
915
2530
1367
1944
1920
2118
1277
2942
145
168
1619
2082
1344
3811
2496
3525
3201
327
2532
3397
1245
3684
1217
60
2747
3088
3668
2297
1327
3505
216
2143
3152
2861
2416
1916
1518
3633
3067
3461
1810
3062
420
2146
1238
1693
376
1537
546
3451
468
230
1950
1603
3927
2112
2803
232
2950
514
3615
2779
2231
3000
2340
805
1096
1027
2474
900
3034
3593
3053
2995
2953
3398
3249
3688
3258
1334
3770
799
531
1687
492
306
3155
2643
2312
3452
2390
1300
2901
222
3556
2827
3271
3265
3071
2262
236
2376
3198
3681
2303
1243
880
2467
1030
3244
1672
1438
3528
170
2318
3494
1769
1031
2819
69
125
1974
2971
2921
1126
1268
2282
3040
538
741
3328
2111
2401
475
2531
44
1303
2367
1260
507
3146
1594
1895
911
3841
678
2802
2867
3871
3462
2513
2138
3760
3802
2348
934
3949
1688
3566
2130
3163
1381
2072
1964
1702
921
2567
3484
1845
1012
535
2363
2404
314
737
2346
2476
3189
1237
762
3388
1884
3355
493
2132
1429
5
3649
1395
2034
412
830
3498
2338
3007
3308
2518
481
3243
1025
942
950
2946
1009
2875
2322
3316
1588
3733
2153
1488
3129
2889
1033
999
534
2422
261
3812
1286
2750
455
1701
3576
2456
1416
2613
1422
2961
2764
3873
2287
2941
3467
3917
2117
616
1147
2883
1280
3565
1017
2093
3251
3384
3061
707
3629
3548
1969
2412
1057
3429
319
3099
2668
861
2517
382
2505
971
3307
3477
3675
2815
383
3723
952
3501
426
1189
1970
2059
3469
1927
361
1354
355
3708
3238
2155
3478
2447
1457
2676
1295
1633
2524
3366
1643
1480
2793
599
663
1833
2070
2389
3208
2822
1735
428
1342
2083
249
3549
3145
2408
1873
2457
2188
158
3153
373
1013
1264
237
351
107
996
2114
446
225
2022
101
3169
965
3004
3089
1963
1689
3439
945
366
3197
2906
1627
1924
2090
3821
3018
516
2459
1021
3700
2772
3788
413
3819
3764
2121
3365
273
3102
1218
2374
307
1010
2120
1971
41
1211
3861
1227
2922
3741
1541
2796
362
1991
719
2089
2249
2859
2240
2135
1348
2372
2644
1542
836
879
3707
2316
86
1939
1611
2583
3783
233
2558
3882
3742
1015
2232
804
281
2122
2203
1007
986
1431
3213
2709
3932
1130
2147
1713
1205
1290
1772
2677
1178
89
2745
448
276
1251
450
1762
1615
3516
2279
605
1226
2736
3179
1931
2379
2693
3032
73
3930
3546
3342
2399
3444
3729
1359
2136
3074
338
2099
1023
42
423
2025
3430
2670
1783
1132
3194
175
207
1949
3814
2553
3466
3404
1392
2159
1683
256
837
728
193
2269
2387
1340
464
1131
1461
611
1281
2357
282
3426
1973
949
2929
2123
3030
2568
2907
2202
1799
2097
194
688
3111
1951
491
371
280
3347
1194
1821
381
186
2877
3422
3394
3682
1389
1727
1064
322
1191
417
3093
3852
537
2606
3754
3097
3022
3928
1752
2163
542
931
1946
2392
176
798
3204
405
3296
203
204
533
3248
2236
308
519
2344
2729
1734
3825
2142
2259
3125
1665
1972
2033
3910
3270
1976
3676
2208
2574
2806
3801
3420
2107
2866
3519
1753
1948
2038
1862
1966
1173
2439
2102
2171
2380
1983
218
3135
3724
2266
477
1648
3066
1279
1099
85
122
407
2473
2870
2042
88
3515
3766
2176
1760
3029
3769
3324
188
932
2551
918
818
1649
2373
2448
1866
1446
2615
1353
947
3521
3440
157
2731
429
2320
938
906
2252
3831
2952
2091
2891
3710
2106
2752
490
3786
2052
891
2550
2377
374
2060
3594
3693
1995
3877
94
1289
2504
1515
147
3326
3926
2014
3646
2429
1785
415
2520
2183
512
28
3598
2331
3268
3896
1660
3835
550
504
76
2162
3500
3090
3341
1848
3834
3538
2453
1730
3299
482
1066
3412
2263
574
2549
901
1346
2381
3036
742
1209
2328
3387
1858
262
3200
943
2071
1975
3773
2771
2560
3272
765
991
4
2497
277
1128
3606
540
1034
1977
2730
2546
1806
154
1425
290
1414
3483
239
3177
2349
3918
3506
1913
1797
2206
81
3167
2846
43
427
46
2148
3784
3634
2789
3134
2852
2879
195
1875
2555
2902
1083
3181
2506
2639
3262
2836
2092
1487
2017
2787
2633
1593
1401
2261
3051
2900
2936
332
2026
3024
946
3190
12
2442
2943
2798
20
215
1840
3325
3550
1361
2361
1150
2043
289
3392
549
18
2829
3660
2540
3789
419
1016
1445
848
3672
3529
3480
1699
3078
502
1707
1082
2077
3266
2525
315
14
714
892
438
511
3364
1794
842
3771
473
2382
3011
2383
3653
518
330
3727
3747
1453
2816
2732
3728
2024
2119
2315
1177
2184
3865
1187
234
3929
15
1273
1474
2611
2432
2385
1050
700
2041
782
2935
1503
1464
3079
3405
2166
2430
709
3015
1468
3879
2296
2629
328
258
65
3503
299
459
3350
3864
1005
2370
1863
3689
581
2575
3385
2956
436
358
31
2354
1483
3457
694
3091
2475
378
2154
637
267
2069
177
3063
2596
140
3028
2492
3445
248
3616
1554
3846
1726
2748
548
1419
1014
2554
1306
2612
2365
3054
2195
558
695
839
2757
1011
2660
1836
3889
3937
2310
1681
2654
3327
3475
2851
479
1897
2996
1992
2924
3206
135
556
1190
936
2526
1498
829
2048
1085
2561
2169
948
3142
2726
3120
2458
3287
2241
227
3584
2027
544
1985
1176
2860
662
2068
3564
1623
100
2040
3436
2151
2212
1382
1986
3915
305
851
3571
360
1999
2967
1024
2443
1465
2337
23
2817
2280
3925
547
3182
1484
1018
2498
761
213
2170
3690
1938
3604
3286
3225
2436
1305
2828
801
2364
1003
627
691
3600
2290
1390
3794
346
810
74
3758
2325
2535
2888
2500
3554
1804
352
1942
3045
2882
2181
2932
3130
521
3824
523
2899
2360
199
159
1658
1330
2514
3557
2460
1919
2491
123
1978
334
506
79
257
2451
1904
1667
1998
169
1941
3709
3401
2095
2272
312
3725
1996
3840
3936
1592
1363
1979
63
2975
1598
2351
2173
2418
1069
3115
1686
1606
2016
1629
2165
3330
2988
1366
229
1043
1855
575
2782
2669
2940
3627
743
1935
451
2066
3807
692
3901
907
2548
1192
393
187
809
3406
465
1984
941
425
1824
1399
886
3017
3767
3923
2314
2050
2937
781
2149
1535
835
3357
2978
3599
2624
2570
3872
1332
2587
387
1827
2898
259
9
2645
1004
3628
3643
1816
2051
3094
735
978
1432
26
1362
766
569
445
1758
3946
2327
2920
3799
190
2799
1981
126
2435
2927
13
57
2970
3726
2182
897
2903
1051
2495
1008
2239
3544
388
3214
944
1993
66
489
3497
2519
2036
2356
3943
1162
71
3391
2347
1841
2725
2178
3379
3613
1167
501
2661
1161
1460
3895
1111
421
1352
606
171
3076
2472
2634
72
456
929
998
181
2084
3096
3275
3662
3509
2330
3908
3619
3470
2801
2969
1788
2057
2807
132
1940
725
1980
1987
1184
3217
1647
1046
1410
1236
2856
2306
414
3678
93
650
3837
82
3453
416
2862
2204
92
3502
1661
3077
1526
3715
1605
1646
2682
3399
3720
2749
155
458
1654
3919
1216
2714
461
3370
302
3713
2488
3590
3046
2437
1621
3431
205
2721
697
1600
340
2521
1929
3622
927
1640
3810
2844
522
2265
2177
2264
3813
2651
973
2511
1936
2780
1454
3661
1670
3553
206
613
3859
3055
1733
2696
982
3768
174
1475
444
2983
3086
2075
1054
1440
1626
275
242
2113
2522
64
612
2168
2255
117
270
2738
3425
833
3230
639
1006
3572
917
2238
3224
3743
1655
3738
1355
3547
2928
1744
635
1934
881
2769
87
2271
2029
2098
1404
191
631
1601
424
30
483
2417
2445
3038
2267
3427
2295
3423
764
1642
3417
3117
3041
1545
3792
1870
1856
3432
2880
2786
2965
1202
3199
3447
408
1550
365
3669
3048
935
3340
2275
640
1442
3732
2665
3235
449
3112
35
2062
3822
3914
3180
1241
2276
2152
3909
469
2419
988
3658
2905
152
505
2621
1839
3858
3075
3746
893
8
2774
2607
3487
3579
528
3103
118
1881
2974
2874
513
1599
2609
615
453
61
609
354
3716
3118
3491
3511
3823
3714
255
3138
3211
2625
2073
3920
156
3795
2582
3696
2972
3013
1595
3042
2007
2649
1604
3375
3456
1456
3109
486
2589
1837
2597
1337
217
437
680
3774
1731
2868
2784
2781
1397
1937
1750
271
3368
1482
1398
3787
2446
3310
3459
1703
2250
3141
363
3694
2594
3679
580
711
3514
487
2656
2461
27
2790
3165
166
1943
321
326
2885
3718
2283
2741
1900
565
3064
3150
3577
3857
1887
1582
68
806
3596
102
2434
1581
759
882
2386
3428
3496
390
3692
3806
2818
2180
603
369
1684
2368
2425
3663
2667
959
1365
2035
803
2753
3241
3734
1523
2925
422
2835
670
3372
3127
3833
3304
976
1326
1609
747
3069
269
536
577
1336
1612
1746
3395
3947
2045
2507
3188
963
467
1865
1255
268
3518
2037
2210
2285
2751
313
3664
828
3950
990
2462
1791
113
1341
2820
3695
2104
2663
2362
3031
3302
2044
209
1516
2647
80
3903
2190
1232
2515
779
2939
1922
2499
715
3289
1428
1988
896
1756
1759
3605
3008
1427
3128
3393
1869
710
3790
3416
2652
964
1413
2733
3655
1180
3620
78
1056
3414
1113
840
1331
99
1624
1650
3737
499
870
1889
3144
182
1447
2260
1631
3602
325
3626
409
3014
1546
3281
3870
1854
2573
3371
2697
1497
2590
433
888
291
3588
1472
3318
2585
179
3433
309
667
731
668
1896
2655
3921
1739
813
463
498
1771
2440
149
3674
3839
2708
3680
347
3276
1439
2659
2618
3765
279
2812
1571
3320
1925
3284
3183
2516
3677
55
240
2977
564
3898
3719
472
1525
2479
3782
1860
2341
2237
97
937
2614
3808
1495
875
1812
3158
1417
1602
3731
3339
3454
885
3849
2345
3945
2400
808
1323
301
3804
3367
2286
1310
2876
2681
2284
3691
343
1798
2523
3133
2884
2055
2842
2653
2477
621
2893
2465
510
1105
294
495
869
1507
704
3838
2610
210
2630
335
2704
2810
602
1910
2848
2689
3780
116
54
3739
384
1317
3912
1826
3043
3632
2566
987
278
3951
3886
391
1473
3884
1563
3851
956
2032
3343
1668
3922
3539
3736
2646
488
3442
656
2179
3855
3446
254
2982
3659
2744
460
2307
3389
470
452
3816
3434
846
1867
3132
121
2049
1547
957
1677
1669
3820
2031
3569
496
970
3239
3597
2103
1829
3049
2979
1489
2552
2536
2638
705
1564
1415
1329
1809
1508
3021
1932
2620
1169
1551
665
2481
1044
3567
304
3331
1351
3759
1112
476
3002
2593
1068
568
2626
1053
3010
3667
2323
77
3537
211
1119
1463
3449
3805
3124
3610
2878
571
2537
1825
760
2766
2847
1123
2650
718
3390
3311
3900
201
103
3110
984
3073
2637
83
324
2205
3711
3143
3240
2886
3520
3218
3906
1859
2727
3913
2894
619
2756
1695
3403
753
1926
320
1322
2711
1596
1906
238
2449
2755
2938
1114
2635
341
443
1151
447
862
2758
746
1529
2992
3673
2131
1902
3222
40
2482
202
3843
1613
386
250
600
850
2849
685
3612
3587
1755
3559
3580
1152
2778
2813
183
484
295
3781
2086
3400
241
3122
1312
3221
1844
2579
3223
418
1928
3797
297
2853
824
583
220
2945
1585
2666
2493
3586
3934
3942
2577
3845
716
462
3540
263
2864
3761
38
3319
1696
214
2896
997
3338
3531
722
3938
702
1477
2559
1874
1583
2426
2494
3931
2339
2196
49
3329
554
1490
1572
2187
1767
2441
3939
2674
3562
3885
1880
184
3568
3665
1063
3924
3573
2128
3847
3830
2483
2586
3171
3349
2678
3106
1814
392
2305
2293
1328
2785
841
1496
2767
659
2743
867
1533
1511
2256
1458
3473
877
430
3776
3874
274
767
3309
3306
1406
478
1857
3902
3721
3756
1679
3192
3345
1067
1570
570
669
3935
298
2843
1076
3402
3415
1426
961
967
2397
2737
1325
148
1725
3941
219
1728
2047
1879
3488
1324
1421
3749
2800
2873
1671
2715
1455
1437
287
2837
525
876
3162
2074
331
573
1509
1822
3894
1335
3670
84
3532
2189
2227
1893
3832
1933
2157
3637
2201
831
3775
3464
3313
645
3344
2292
960
1657
2164
389
2158
1662
2691
1000
3862
1692
1846
633
2897
2809
3848
1412
1666
2865
1632
3854
3092
992
1494
178
1770
626
359
2452
2350
3161
1055
3585
1549
2211
1163
2512
336
638
3645
2834
2509
3465
283
2544
251
2056
2175
3121
3880
146
3047
1168
1501
1087
771
394
2913
2963
1651
1565
1170
3139
1493
2185
1116
3644
197
3574
617
375
3490
2257
3757
1853
2534
2904
1807
563
2923
2740
3050
3625
1990
3474
3817
3333
3137
3860
1504
1144
974
3933
131
649
2298
1154
751
1520
189
1989
3351
2981
3374
681
2415
2008
3940
1574
3611
2388
3283
2101
3883
1349
567
1450
1575
1898
2246
2775
3492
2773
1153
212
3581
807
2627
3025
2079
1656
124
1423
2824
561
1811
1121
1502
3563
3419
411
2998
1313
1715
632
1850
2768
3850
754
2466
96
137
2776
129
566
503
119
3642
228
1793
3796
958
2636
3853
769
3878
3058
3335
106
3437
200
2215
3495
925
2892
2545
397
128
2754
1117
3640
2964
1817
75
864
2326
3867
3215
2914
939
2342
1058
2830
1878
3777
2632
1743
1864
2281
2695
2221
2658
114
1675
1383
1531
2197
1038
1539
245
2854
962
3116
3486
793
703
3570
2962
2839
2219
243
244
860
1872
3282
2209
2191
2931
2855
2783
1899
1181
2994
1749
2675
863
3463
3892
3012
385
811
618
614
1567
726
2486
2984
3410
3140
2569
755
652
2156
775
3636
993
2933
1891
56
3944
1436
3149
2562
2503
3648
3803
1782
3003
2200
560
2831
3026
1444
2317
1780
406
598
3154
2464
3641
3592
2332
53
37
1026
59
854
3523
136
2814
664
874
1002
2063
2129
2234
2207
3905
526
844
2673
1522
2304
1659
1138
1543
2705
1486
630
1890
2244
3818
3891
2911
3027
2487
2192
2765
1514
2061
3533
1720
1420
108
1311
1849
2760
1718
847
2850
3866
1903
1519
90
3666
1538
732
1160
310
2242
966
3303
3292
1384
3778
3166
815
3056
3657
2833
1532
98
3001
1534
1685
972
2602
1471
1741
1636
3652
2557
2608
1622
2679
3875
1664
559
3443
3293
2444
1796
698
167
3184
264
3207
3232
3245
2233
1433
2631
1369
1098
3346
1930
1901
1040
2777
1164
1174
2930
1071
2538
980
2934
3887
33
985
3314
3322
2358
2825
1102
3288
1652
2823
834
757
756
3378
2578
404
2955
2685
682
3876
696
2887
2172
2299
823
820
2999
1149
3472
2127
2623
1561
3205
981
2960
1553
749
67
776
1871
1886
3595
1877
3609
796
3603
3373
666
744
3380
687
3762
3800
120
2821
623
3772
3187
1315
3216
3352
734
1861
3242
3899
3522
2869
1039
3123
1107
3136
3126
853
3575
3631
643
3407
2576
634
729
3621
2510
3482
3119
2223
787
134
3057
706
2591
889
607
2258
657
1851
2309
1070
2895
138
3601
1787
690
3084
3236
1558
3131
1133
1548
821
439
192
3651
660
1555
3888
3085
3542
887
591
1528
1795
3212
3828
2251
3228
1842
3233
884
3295
1062
1134
3337
2343
3353
3748
3493
672
3485
2811
3377
791
789
3381
1145
3336
401
572
1364
679
2480
1360
3413
530
1142
1905
2543
1139
1773
3687
895
977
3294
1510
975
130
3305
712
3517
582
557
2198
827
578
1868
1434
226
865
684
989
2217
2214
2213
398
396
3881
2619
1764
2742
2308
3656
2254
3065
644
1386
2235
2909
3890
868
402
826
642
872
3904
1165
2277
3607
3647
311
2226
2218
641
3229
651
3321
1714
576
127
579
3323
2584
1630
3315
2845
3312
2039
3779
1852
3297
584
792
2703
859
758
1709
3460
3458
730
1908
878
1118
1915
1115
2484
3722
717
3382
3376
286
1316
3291
3280
3151
1820
2592
1832
1830
2438
3202
3842
655
701
790
1815
1470
3172
3164
774
545
843
1724
3209
814
3220
2556
3277
133
3530
601
658
139
142
1430
1843
1579
3237
763
624
2563
3290
