661
914
1287
594
595
2398
1035
2687
2018
3105
2321
720
2340
48
745
2294
3186
1566
1907
783
1022
150
1962
2692
1028
1029
1207
531
1246
1357
3068
1537
647
2194
2268
1103
3468
1792
1687
2881
1217
434
2126
3107
3108
3035
1253
292
3071
902
368
3147
1544
1293
1188
3255
3256
3257
2278
2490
1834
1690
3654
1945
515
442
2312
265
1408
1084
3699
2067
1370
1801
1372
2353
3334
2427
1552
736
2359
95
2717
1917
3735
1953
1597
3809
1954
1955
235
1124
1957
163
165
1090
2501
349
1096
920
1385
3451
3095
2728
2002
2006
1244
1245
3893
1247
3421
1641
3534
104
2735
3868
653
2167
1049
1261
552
1266
1378
1379
3552
2470
3168
2617
3671
2871
2115
2081
2951
3702
2366
1201
2947
2333
1175
288
1466
866
2770
1250
509
2058
47
1909
224
6
3006
800
52
3081
1268
3083
3513
2428
2282
1912
1485
2289
162
3016
2070
3163
1635
2723
1921
2580
3386
3744
968
3020
1429
1643
3249
1719
2734
2013
3100
1500
1722
1653
2384
1729
3476
2890
3113
16
551
1513
2318
1517
1089
3260
913
3409
1449
1732
2390
3267
3624
2395
1594
412
2759
994
1884
1885
272
24
348
1093
29
562
1095
497
1747
2908
3499
353
1243
1171
357
36
1101
3717
1030
1688
364
3501
3072
3508
597
383
3524
1569
2082
2802
3536
3753
3685
1296
838
1947
2966
266
17
1441
1088
2469
2100
1959
1380
1674
3565
861
1997
474
2336
1682
508
3148
2702
1476
1693
151
3155
58
2712
1916
1488
230
1120
161
1411
524
1059
454
1701
1274
741
1277
1639
3528
2297
1711
538
3246
3173
105
253
3250
3252
111
3259
1589
2023
337
2600
555
3265
1735
2686
2688
345
25
2324
2329
1810
2541
1673
1678
1027
367
3298
3948
805
3510
300
1777
3301
1343
3160
529
3452
1060
1358
3178
3826
3755
2302
1148
3253
1223
778
3484
3916
1233
428
2622
3358
3359
1320
2124
2125
2054
1252
1254
3869
1256
1257
1831
3363
586
587
3438
2496
2
153
7
2133
2137
802
2138
1409
1339
1269
2640
596
1918
2140
2072
1271
1345
2078
1276
671
1278
3525
1927
2657
3388
316
317
2080
1282
1283
2087
1286
3608
2662
2300
180
329
3034
2161
3037
3039
830
2093
904
2094
1292
2096
1294
2746
1009
333
339
1371
1375
915
1376
1377
916
1012
2826
3629
1019
3489
344
923
3701
3703
926
3704
1020
784
1025
1967
2405
2407
2193
1031
1104
1032
435
3723
1042
370
2423
2424
3087
953
954
3591
2863
3593
1125
520
3668
2795
1129
2431
62
1633
3099
3812
2001
2003
1203
2005
1204
969
2872
3675
2946
898
2009
899
1135
2948
539
2371
3247
3174
2375
2378
971
2011
2012
2015
1215
3688
543
3254
2529
3189
1586
2021
1080
2968
2530
3264
2393
3198
1302
2105
2108
1234
2109
1091
1676
208
2111
2046
216
2710
663
3448
231
2076
246
1288
3396
3101
2598
342
3129
788
2335
3146
440
441
2883
481
2539
708
3362
3897
934
1303
999
2616
3785
1262
2641
3479
10
2822
3494
3070
2414
1479
517
952
60
3745
2528
1587
3269
3354
1263
2572
3033
2243
2694
1982
2976
2485
141
3798
2707
2567
3005
2719
160
748
2724
2581
1422
3461
3535
832
762
2676
1883
2763
3566
2764
1892
1608
1396
2840
2841
500
2273
1619
1625
1702
2433
70
1644
1645
2389
2961
553
628
3261
2605
1805
2391
2394
1092
1672
2701
2713
1911
2643
2720
2722
2805
2761
2369
1179
3863
1185
1779
164
319
247
1284
2664
2668
2311
198
2901
3638
2912
3576
293
1614
2346
942
3156
2287
2288
3300
1206
2010
3827
610
1077
2527
2454
2455
2533
1301
707
2613
2542
1748
3927
2116
2117
2985
2989
2993
1186
222
2139
737
2718
232
2141
168
2143
2145
1344
1275
3526
2153
2083
2085
2739
3397
3398
327
1367
1876
261
2248
1882
1956
2253
3705
3633
3635
1960
3639
2402
2404
1391
1033
44
2348
940
2421
2422
1126
1562
1499
532
466
2953
2019
616
546
2450
475
2020
3698
485
1591
3911
1094
493
1242
1321
2990
2991
1327
1258
1407
1334
2064
2648
1350
2160
1373
785
420
3208
2338
1974
3082
1994
2502
2367
2004
2949
1717
2376
3752
3273
1694
585
3000
3053
3355
1754
145
2134
1405
1347
3450
678
173
2150
185
1438
2671
910
849
3052
786
799
1037
3210
2413
2416
1047
2792
2794
3243
3258
112
1222
3917
2478
1248
1249
3505
1189
3507
3435
1267
1199
2642
1845
3952
674
2808
3104
903
3618
11
3044
196
911
3551
3556
1958
2322
1388
3708
1965
2409
2917
431
2410
2411
45
951
3740
1212
3763
125
3770
2973
2118
3424
3361
2132
303
2144
2301
2245
2915
372
2352
1057
468
1663
1920
2053
2059
724
3360
1833
3
5
3441
236
2146
673
1285
252
3614
1298
3543
3040
2313
2247
1888
1381
1457
852
350
2403
2262
1100
432
2779
361
2412
3219
2420
3152
1556
455
3308
3098
2942
2875
2447
2950
3684
3686
471
1588
3263
2463
3274
3469
905
922
2186
930
3730
955
3683
1237
144
3548
928
1208
1224
3366
3062
2363
2944
3836
494
3949
1041
2065
3462
1297
2747
921
933
3088
3244
1235
3429
3159
1680
1183
3504
2565
1333
3019
1272
2303
1295
1299
1017
3498
3203
2921
2926
3733
2867
2941
1061
3681
3760
1086
2467
1300
3844
1231
3271
1835
1895
3712
2471
3871
3512
2088
3467
1964
3060
3061
2919
3649
1078
1081
2474
1172
172
2155
2815
3706
1603
2334
1395
507
1616
1480
1147
3697
3196
1894
1620
3157
2524
1518
3555
379
3802
880
2456
1590
2034
2986
1952
3251
2110
3873
1914
900
909
355
2468
492
1969
1970
599
1459
2401
2531
2532
170
3615
1944
3477
19
2827
410
2857
514
376
534
3617
1280
3067
950
3307
2517
3285
1769
3478
2750
1950
22
2793
382
2112
2788
1228
3328
3201
3185
314
3545
3811
3238
3316
2130
3317
2819
3841
3007
2505
2672
1416
2803
2690
2995
2971
1260
69
2861
3384
1238
2476
3791
2231
2518
1354
306
535
426
2513
2889
